40 40

-0.0100 -0.0035 0   0 0 1   -0.0100 -0.0035   0.001   0  1 0
-0.0100 -0.0105 0   0 0 1   -0.0100 -0.0105   0.001   0  1 0
-0.0080 -0.0070 0   0 0 1   -0.0080 -0.0070   0.001   0  1 0
-0.0060 -0.0035 0   0 0 1   -0.0060 -0.0035   0.001   0  1 0
-0.0040  0.0000 0   0 0 1   -0.0040  0.0000   0.001   0  1 0
-0.0120 -0.0070 0   0 0 1   -0.0120 -0.0070   0.001   0  1 0
-0.0080  0.0000 0   0 0 1   -0.0080  0.0000   0.001   0  1 0
-0.0140 -0.0035 0   0 0 1   -0.0140 -0.0035   0.001   0  1 0

-0.0160  0.0000 0   0 0 1   -0.0160  0.0000   0.001   0  1 0
-0.0120  0.0000 0   0 0 1   -0.0120  0.0000   0.001   0  1 0
-0.0100  0.0035 0   0 0 1   -0.0100  0.0035   0.001   0  1 0
-0.0060  0.0035 0   0 0 1   -0.0060  0.0035   0.001   0  1 0
-0.0080  0.0070 0   0 0 1   -0.0080  0.0070   0.001   0  1 0
-0.0100  0.0105 0   0 0 1   -0.0100  0.0105   0.001   0  1 0
-0.0140  0.0035 0   0 0 1   -0.0140  0.0035   0.001   0  1 0
-0.0120  0.0070 0   0 0 1   -0.0120  0.0070   0.001   0  1 0

 0.0100 -0.0035 0   0 0 1    0.0100 -0.0035   0.001   1  1 0
 0.0100 -0.0105 0   0 0 1    0.0100 -0.0105   0.001   1  1 0
 0.0120 -0.0070 0   0 0 1    0.0120 -0.0070   0.001   1  1 0
 0.0140 -0.0035 0   0 0 1    0.0140 -0.0035   0.001   1  1 0
 0.0160  0.0000 0   0 0 1    0.0160  0.0000   0.001   1  1 0
 0.0080 -0.0070 0   0 0 1    0.0080 -0.0070   0.001   1  1 0
 0.0120  0.0000 0   0 0 1    0.0120  0.0000   0.001   1  1 0
 0.0060 -0.0035 0   0 0 1    0.0060 -0.0035   0.001   1  1 0

 0.0040  0.0000 0   0 0 1    0.0040  0.0000   0.001   1  1 0
 0.0080  0.0000 0   0 0 1    0.0080  0.0000   0.001   1  1 0
 0.0100  0.0035 0   0 0 1    0.0100  0.0035   0.001   1  1 0
 0.0140  0.0035 0   0 0 1    0.0140  0.0035   0.001   1  1 0
 0.0120  0.0070 0   0 0 1    0.0120  0.0070   0.001   1  1 0
 0.0100  0.0105 0   0 0 1    0.0100  0.0105   0.001   1  1 0
 0.0060  0.0035 0   0 0 1    0.0060  0.0035   0.001   1  1 0
 0.0080  0.0070 0   0 0 1    0.0080  0.0070   0.001   1  1 0

-0.0140 -0.0175 0   0 0 1   -0.0140 -0.0175   0.0013  0  1 0
 0.0060 -0.0175 0   0 0 1    0.0060 -0.0175   0.0013  1  1 0

-0.0060 -0.0175 0   0 0 1   -0.0060 -0.0175   0.0013  0  1 0
 0.0140 -0.0175 0   0 0 1    0.0140 -0.0175   0.0013  1  1 0

-0.0250  0.0000 0   0 0 1   -0.0250  0.0000   0.0013  0  1 0
 0.0250  0.0000 0   0 0 1    0.0250  0.0000   0.0013  1  1 0

 0.0000  0.0000 0   0 0 1    0.0000  0.0000   0.001   0  1 0
 0.0000  0.0000 0   0 0 1    0.0000  0.0000   0.001   1  1 0


format:
total-number-of-sensors  total-number-of-sensor-neighbors
(one line per sensor) sensor-position-3d sensor-normal-3d sensor-position-2d sensor-radius robot-link number-of-neighbors neighbors

On the skin, the sensors are positioned as follows.  The other information are also shown alongside:

-2.5	-1.6	-1.4	-1.2	-1	-0.8	-0.6	-0.4			0.4	0.6	0.8	1	1.2	1.4	1.6	2.5
|	|	|	|	|	|	|	|			|	|	|	|	|	|	|

				14				---  1.05 ---				14
			16		13			---  0.70 ---			16		13
		15		11		12		---  0.35 ---		15		11		12
Encoder	9		10		7		5	---  0    ---	9		10		7		5	Encoder
		8		1		4		--- -0.35 ---		8		1		4
			6		3			--- -0.70 ---			6		3
				2				--- -1.05 ---				2

		Light				Proximity	--- -1.75 ---		Light				Proximity

Last sensor type (whether there is grip or not) is not shown as a sensor but instead affects the color of the tactile sensors.
